Chain
	Aln	5	+20d32523-0ae2-4390-9188-0683aa3ab995 25 3153 3213 -edge_3_0_+disjointig_3_0_10039 23 3071 10039 -1 -1 2018 0.0477404
Chain
	Aln	4	-20d32523-0ae2-4390-9188-0683aa3ab995 59 3187 3213 +edge_3_0_+disjointig_3_0_10039 6967 10015 10039 -1 -1 2018 0.0477404
Chain
	Aln	17	+43129c6f-2eb4-4591-82b0-4f8a5d105902 1 5183 5190 -edge_9_0_+disjointig_9_0_11622 4292 9480 11622 -1 -1 4458 0.0132187
Chain
	Aln	16	-43129c6f-2eb4-4591-82b0-4f8a5d105902 6 5188 5190 +edge_9_0_+disjointig_9_0_11622 2141 7329 11622 -1 -1 4458 0.0132187
Chain
	Aln	4	+23c02c64-6f3f-4714-86c4-5217b84a4ce2 4 10284 10289 +edge_3_0_+disjointig_3_0_10039 4 10035 10039 -1 -1 7980 0.0220964
Chain
	Aln	5	-23c02c64-6f3f-4714-86c4-5217b84a4ce2 4 10284 10289 -edge_3_0_+disjointig_3_0_10039 3 10034 10039 -1 -1 7980 0.0220964
Chain
	Aln	1	+9540fdc4-cc45-4bdb-8533-094a7b44ca02 21919 25065 38285 -edge_1_0_+disjointig_1_0_33323 3185 6329 33323 -1 -1 2265 0.0404463
Chain
	Aln	0	-9540fdc4-cc45-4bdb-8533-094a7b44ca02 13219 16365 38285 +edge_1_0_+disjointig_1_0_33323 26993 30137 33323 -1 -1 2265 0.0404463
Chain
	Aln	0	+6769f84a-446a-4edd-96bf-d4a370e6013e 6320 9461 15115 +edge_1_0_+disjointig_1_0_33323 27027 30169 33323 -1 -1 1904 0.0558942
Chain
	Aln	1	-6769f84a-446a-4edd-96bf-d4a370e6013e 5653 8794 15115 -edge_1_0_+disjointig_1_0_33323 3153 6295 33323 -1 -1 1904 0.0558942
Chain
	Aln	14	+e1aafd8e-08ea-4773-9183-cfc5260dd5a1 1976 7818 7840 +edge_8_0_+disjointig_8_0_5886 6 5867 5886 -1 -1 5206 0.0165118
Chain
	Aln	15	-e1aafd8e-08ea-4773-9183-cfc5260dd5a1 21 5863 7840 -edge_8_0_+disjointig_8_0_5886 18 5879 5886 -1 -1 5206 0.0165118
Chain
	Aln	2	+df9600f4-83c8-4626-aaff-bd402ebfd246 1 5762 5769 +edge_2_0_+disjointig_2_0_5817 1 5811 5817 -1 -1 4247 0.0352017
Chain
	Aln	3	-df9600f4-83c8-4626-aaff-bd402ebfd246 6 5767 5769 -edge_2_0_+disjointig_2_0_5817 5 5815 5817 -1 -1 4247 0.0352017
Chain
	Aln	1	+d07adbdd-144e-4e59-b7b9-dc69f6795a3d 4402 7562 10464 -edge_1_0_+disjointig_1_0_33323 3153 6318 33323 -1 -1 2504 0.0369064
Chain
	Aln	0	-d07adbdd-144e-4e59-b7b9-dc69f6795a3d 2901 6061 10464 +edge_1_0_+disjointig_1_0_33323 27004 30169 33323 -1 -1 2504 0.0369064
Chain
	Aln	0	+7547bafa-6d2d-4b7b-bf5c-008226744566_1 22927 26095 37618 +edge_1_0_+disjointig_1_0_33323 27004 30169 33323 -1 -1 2325 0.043956
Chain
	Aln	0	+7547bafa-6d2d-4b7b-bf5c-008226744566_1 397 3588 37618 +edge_1_0_+disjointig_1_0_33323 27002 30169 33323 -1 -1 2251 0.0424109
Chain
	Aln	1	-7547bafa-6d2d-4b7b-bf5c-008226744566_1 11522 14690 37618 -edge_1_0_+disjointig_1_0_33323 3153 6318 33323 -1 -1 2325 0.043956
Chain
	Aln	1	-7547bafa-6d2d-4b7b-bf5c-008226744566_1 34029 37220 37618 -edge_1_0_+disjointig_1_0_33323 3153 6320 33323 -1 -1 2251 0.0424109
Chain
	Aln	0	+27cb47ef-8a29-4742-bfa8-f772d044ec74 7917 11013 13563 +edge_1_0_+disjointig_1_0_33323 27062 30169 33323 -1 -1 1980 0.0536551
Chain
	Aln	1	-27cb47ef-8a29-4742-bfa8-f772d044ec74 2549 5645 13563 -edge_1_0_+disjointig_1_0_33323 3153 6260 33323 -1 -1 1980 0.0536551
Chain
	Aln	8	+44c4519c-757a-4d79-ad0f-f8903bcbb7b4 1 7242 7246 +edge_5_0_+disjointig_5_0_7212 1 7209 7212 -1 -1 5441 0.0278018
Chain
	Aln	9	-44c4519c-757a-4d79-ad0f-f8903bcbb7b4 3 7244 7246 -edge_5_0_+disjointig_5_0_7212 2 7210 7212 -1 -1 5441 0.0278018
Chain
	Aln	9	+b66a5e03-1302-4693-8ccb-65a38626feb1 8 4094 4170 -edge_5_0_+disjointig_5_0_7212 7 4037 7212 -1 -1 2386 0.058572
Chain
	Aln	8	-b66a5e03-1302-4693-8ccb-65a38626feb1 75 4161 4170 +edge_5_0_+disjointig_5_0_7212 3174 7204 7212 -1 -1 2386 0.058572
Chain
	Aln	0	+a826e544-7ca3-4693-8c9b-64dc54855da5 7972 11107 31089 +edge_1_0_+disjointig_1_0_33323 27010 30149 33323 -1 -1 2333 0.0384442
Chain
	Aln	1	-a826e544-7ca3-4693-8c9b-64dc54855da5 19981 23116 31089 -edge_1_0_+disjointig_1_0_33323 3173 6312 33323 -1 -1 2333 0.0384442
Chain
	Aln	0	+4d5e32f7-f94e-47cd-931b-f165bcd6eb3f 2033 35341 35344 +edge_1_0_+disjointig_1_0_33323 1 33321 33323 -1 -1 27299 0.0214923
Chain
	Aln	1	-4d5e32f7-f94e-47cd-931b-f165bcd6eb3f 2 33310 35344 -edge_1_0_+disjointig_1_0_33323 1 33321 33323 -1 -1 27299 0.0214923
Chain
	Aln	0	+2fc4c09c-187b-4238-8b16-9f80e0d3f41f 8310 11499 70286 +edge_1_0_+disjointig_1_0_33323 26993 30169 33323 -1 -1 2322 0.0422601
Chain
	Aln	1	-2fc4c09c-187b-4238-8b16-9f80e0d3f41f 58786 61975 70286 -edge_1_0_+disjointig_1_0_33323 3153 6329 33323 -1 -1 2322 0.0422601
Chain
	Aln	0	+ecce1775-e2dc-4aae-b866-1a6f9f8d7b96 15445 18607 30346 +edge_1_0_+disjointig_1_0_33323 26993 30169 33323 -1 -1 2385 0.0422478
Chain
	Aln	1	-ecce1775-e2dc-4aae-b866-1a6f9f8d7b96 11738 14900 30346 -edge_1_0_+disjointig_1_0_33323 3153 6329 33323 -1 -1 2385 0.0422478
Chain
	Aln	15	+3dca8e39-dd07-4e4d-ac66-d919fb59a5b6 11 3087 3089 -edge_8_0_+disjointig_8_0_5886 2791 5884 5886 -1 -1 2806 0.0154471
Chain
	Aln	14	-3dca8e39-dd07-4e4d-ac66-d919fb59a5b6 1 3077 3089 +edge_8_0_+disjointig_8_0_5886 1 3094 5886 -1 -1 2806 0.0154471
Chain
	Aln	13	+de65d59d-7bd4-4666-b336-efdd2dc6de34 0 15681 15687 -edge_7_0_+disjointig_7_0_16115 865 16109 16115 -1 -1 10663 0.0310292
Chain
	Aln	12	-de65d59d-7bd4-4666-b336-efdd2dc6de34 5 15686 15687 +edge_7_0_+disjointig_7_0_16115 5 15249 16115 -1 -1 10663 0.0310292
Chain
	Aln	1	+d4e11853-6e58-42a9-b3e7-2cd41b44f9e2 4 13203 13205 -edge_1_0_+disjointig_1_0_33323 20146 33321 33323 -1 -1 9544 0.0399903
Chain
	Aln	0	-d4e11853-6e58-42a9-b3e7-2cd41b44f9e2 1 13200 13205 +edge_1_0_+disjointig_1_0_33323 1 13176 33323 -1 -1 9544 0.0399903
Chain
	Aln	11	+ea0ef6f1-fada-4e41-ba57-ef7cd688b134_1 10 7486 7488 -edge_6_0_+disjointig_6_0_7340 9 7338 7340 -1 -1 5897 0.0331928
Chain
	Aln	10	-ea0ef6f1-fada-4e41-ba57-ef7cd688b134_1 1 7477 7488 +edge_6_0_+disjointig_6_0_7340 1 7330 7340 -1 -1 5897 0.0331928
Chain
	Aln	10	+ea0ef6f1-fada-4e41-ba57-ef7cd688b134_2 14 7430 7444 +edge_6_0_+disjointig_6_0_7340 19 7335 7340 -1 -1 6635 0.0120884
Chain
	Aln	11	-ea0ef6f1-fada-4e41-ba57-ef7cd688b134_2 13 7429 7444 -edge_6_0_+disjointig_6_0_7340 4 7320 7340 -1 -1 6635 0.0120884
Chain
	Aln	0	+9b5d0758-f0f6-487a-9f23-c4ffa31af544 1562 4716 6387 +edge_1_0_+disjointig_1_0_33323 26993 30169 33323 -1 -1 2216 0.0495343
Chain
	Aln	1	-9b5d0758-f0f6-487a-9f23-c4ffa31af544 1670 4824 6387 -edge_1_0_+disjointig_1_0_33323 3153 6329 33323 -1 -1 2216 0.0495343
Chain
	Aln	13	+40253591-efb4-463e-89d9-62cd65b1dde4 6 7317 7356 -edge_7_0_+disjointig_7_0_16115 5 7078 16115 -1 -1 5063 0.0370967
Chain
	Aln	12	-40253591-efb4-463e-89d9-62cd65b1dde4 38 7349 7356 +edge_7_0_+disjointig_7_0_16115 9036 16109 16115 -1 -1 5063 0.0370967
Chain
	Aln	16	+5ea3b91c-947b-47f4-ad66-7f17314f508d 5 5835 5838 +edge_9_0_+disjointig_9_0_11622 5800 11620 11622 -1 -1 5632 0.00683602
Chain
	Aln	17	-5ea3b91c-947b-47f4-ad66-7f17314f508d 2 5832 5838 -edge_9_0_+disjointig_9_0_11622 1 5821 11622 -1 -1 5632 0.00683602
